{"corrections":{"brow_left":{"color":"0,0,0.7,1","correction":"0.937762, -0.008742, 0.347168, 0.250717, 0.708768, -0.659385, -0.240298, 0.705387, 0.666848 - -0, 0.16, 0.05","indices":[22,23,24,25,26],"parent":null},"brow_right":{"color":"0.7,0,0,1","correction":"0.937762, 0.008742, -0.347168, -0.250717, 0.708768, -0.659385, 0.240298, 0.705387, 0.666848 - 0, 0.16, 0.05","indices":[17,18,19,20,21],"parent":null},"eye_left":{"color":"0,0,1,1","correction":"1.39, 0, -0, -0, 3.79, 0, 0, 0, 1 - 0.03, 0.03, -0.04","indices":[42,43,44,45,46,47],"parent":null},"eye_right":{"color":"1,0,0,1","correction":"1.39, 0, 0, 0, 3.79, 0, 0, 0, 1 - -0.03, 0.03, -0.04","indices":[36,37,38,39,40,41],"parent":null},"lid_left_lower":{"color":"0,0.6,1,1","correction":null,"indices":[46,47],"parent":"eye_left"},"lid_left_upper":{"color":"0,0.3,1,1","correction":null,"indices":[43,44],"parent":"eye_left"},"lid_right_lower":{"color":"1,0.6,0,1","correction":null,"indices":[40,41],"parent":"eye_right"},"lid_right_upper":{"color":"1,0.3,0,1","correction":null,"indices":[37,38],"parent":"eye_right"},"lip_corner_left":{"color":"0.7,1,0,1","correction":null,"indices":[54,64],"parent":"mouth_all"},"lip_corner_right":{"color":"1,1,0.4,1","correction":null,"indices":[48,60],"parent":"mouth_all"},"lip_lower":{"color":"1,1,0,1","correction":"1, 0, 0, 0, 1, 0, 0, 0, 1 - 0, 0, 0","indices":[55,56,57,58,59],"parent":"mouth_all"},"lip_lower_center":{"color":"1,1,0,1","correction":null,"indices":[57],"parent":"lip_lower"},"lip_lower_left":{"color":"1,1,0,1","correction":null,"indices":[55,56],"parent":"lip_lower"},"lip_lower_right":{"color":"1,1,0,1","correction":null,"indices":[58,59],"parent":"lip_lower"},"lip_upper":{"color":"0.7,1,0,1","correction":"1, 0, 0, 0, 1, 0, 0, 0, 1 - 0, 0, 0","indices":[49,50,51,52,53],"parent":"mouth_all"},"lip_upper_center":{"color":"0.7,1,0,1","correction":null,"indices":[51],"parent":"lip_upper"},"lip_upper_left":{"color":"0.7,1,0,1","correction":null,"indices":[52,53],"parent":"lip_upper"},"lip_upper_right":{"color":"0.7,1,0,1","correction":null,"indices":[],"parent":"lip_upper"},"mouth_all":{"color":"0.4,1,1,1","correction":"0.83, 0, 0, 0, 0.917121, -0.398609, 0, 0.398609, 0.917121 - 0, -0.07, 0","indices":[48,49,50,51,52,53,54,55,56,57,58,59,60,61,62,63,64,65,66,67],"parent":null},"nose_all":{"color":"0,0.6,0.2,1","correction":"1, 0, 0, 0, 1, 0, 0, 0, 1 - 0, 0, 0","indices":[27,28,29,30,31,32,33,34,35],"parent":null},"nose_tip":{"color":"0.5,1,0.5,1","correction":null,"indices":[30],"parent":"nose_all"},"nostril_left":{"color":"0.8,0.6,0.2,1","correction":"1, 0, -0, -0, 1, 0, 0, 0, 1 - -0, 0, 0","indices":[34,35],"parent":"nose_all"},"nostril_right":{"color":"0,0.6,1,1","correction":"1, 0, 0, 0, 1, 0, 0, 0, 1 - 0, 0, 0","indices":[31,32],"parent":"nose_all"}},"lavatar_type":"lavatar_config","mapping":{"eyeL":{"gaze":0,"landmarks":[],"rotation":true,"translation":false},"eyeR":{"gaze":1,"landmarks":[],"rotation":true,"translation":false},"jaw":{"gaze":-1,"landmarks":[{"id":7,"weight":1},{"id":8,"weight":1},{"id":9,"weight":1}],"rotation":true,"translation":false}},"skeleton":[{"UID":0,"attach":"att_collarboneL","bid":45,"child_count":0,"children":[],"correction":"1, 0, 0, 0, 1, 0, 0, 0, 1 - 0, 0, 0","front_y":false,"name":"collarboneL","origin":"(0.103579, 0.301176, 0.467395)","parent_pose_inverse":"1, 0, -0, 0, 0, 1, 0, -1, 0 - -0, 0.39468, 0","pid":0,"pose":"0.43723, -0.298852, -0.848244, 0.138653, 0.954298, -0.264748, 0.888597, -0.001856, 0.458685 - 0.103579, 0.301176, 0.467395","pose_inverse":"0.43723, 0.138653, 0.888597, -0.298852, 0.954298, -0.001856, -0.848244, -0.264748, 0.458685 - -0.502373, -0.25559, -0.046791","pose_rot":"0.43723, -0.298852, -0.848244, 0.138653, 0.954298, -0.264748, 0.888597, -0.001856, 0.458685 - 0, 0, 0","rest_inverse":"0.43723, 0.888597, -0.138653, -0.298852, -0.001856, -0.954298, -0.848244, 0.458685, 0.264748 - -0.853084, -0.254857, -0.227825","rot_enabled":true,"rot_lock":[false,false,false],"rot_mult":"(1, 1, 1)","rot_postprocessing":false,"scale":"(1, 1, 1.000001)","trans_enabled":false,"trans_lock":[false,false,false],"trans_mult":"(1, 1, 1)","trans_postprocessing":false},{"UID":1,"attach":"att_collarboneR","bid":46,"child_count":0,"children":[],"correction":"1, 0, 0, 0, 1, 0, 0, 0, 1 - 0, 0, 0","front_y":false,"name":"collarboneR","origin":"(-0.103579, 0.301176, 0.467395)","parent_pose_inverse":"1, 0, -0, 0, 0, 1, 0, -1, 0 - -0, 0.39468, 0","pid":0,"pose":"0.438548, 0.296915, 0.848243, -0.13443, 0.954902, -0.264748, -0.888597, 0.002075, 0.458685 - -0.103579, 0.301176, 0.467395","pose_inverse":"0.438548, -0.13443, -0.888597, 0.296915, 0.954902, 0.002075, 0.848243, -0.264748, 0.458685 - 0.501237, -0.25781, -0.046791","pose_rot":"0.438549, 0.296915, 0.848243, -0.13443, 0.954902, -0.264748, -0.888596, 0.002075, 0.458685 - 0, 0, 0","rest_inverse":"0.438548, -0.888597, 0.13443, 0.296915, 0.002075, -0.954902, 0.848243, 0.458685, 0.264748 - 0.851949, -0.258629, -0.227825","rot_enabled":true,"rot_lock":[false,false,false],"rot_mult":"(1, 1, 1)","rot_postprocessing":false,"scale":"(1, 1, 1)","trans_enabled":false,"trans_lock":[false,false,false],"trans_mult":"(1, 1, 1)","trans_postprocessing":false},{"UID":2,"attach":"att_neck02","bid":2,"child_count":41,"children":[3,4,5,6,7,8,9,10,11,12,13,14,15,16,17,18,19,20,21,22,23,24,25,26,27,28,29,30,31,32,33,34,35,36,37,38,39,40,41,42,43],"correction":"1, 0, 0, 0, 1, 0, 0, 0, 1 - 0, 0, 0","front_y":false,"name":"neck02","origin":"(-0, 1.26719, -0.136643)","parent_pose_inverse":"1, 0, -0, 0, -0.449392, 0.893335, 0, -0.893335, -0.449392 - -0, 0.691533, 0.496427","pid":1,"pose":"1, -0, 0, -0, -0.327669, -0.944793, 0, 0.944793, -0.327669 - -0, 1.26719, -0.136643","pose_inverse":"1, -0, 0, -0, -0.327669, 0.944793, 0, -0.944793, -0.327669 - 0, 0.544318, 1.152459","pose_rot":"1, -0, -0, -0, -0.327668, -0.944793, 0, 0.944793, -0.327668 - 0, 0, 0","rest_inverse":"1, 0.000001, -0, -0.000001, 0.991268, -0.131864, -0, 0.131864, 0.991268 - -0, -0.075715, 0.569178","rot_enabled":true,"rot_lock":[false,false,false],"rot_mult":"(1, 1, 1)","rot_postprocessing":false,"scale":"(1, 1, 1)","trans_enabled":false,"trans_lock":[false,false,false],"trans_mult":"(1, 1, 1)","trans_postprocessing":false},{"UID":3,"attach":"att_head","bid":3,"child_count":40,"children":[4,5,6,7,8,9,10,11,12,13,14,15,16,17,18,19,20,21,22,23,24,25,26,27,28,29,30,31,32,33,34,35,36,37,38,39,40,41,42,43],"correction":"1, 0, 0, 0, 1, 0, 0, 0, 1 - 0, 0, 0","front_y":true,"name":"head","origin":"(-0, 2.058511, 0.1378)","parent_pose_inverse":"1, -0, 0, -0, -0.327669, 0.944793, 0, -0.944793, -0.327669 - 0, 0.544318, 1.152459","pid":2,"pose":"1, 0, 0, 0, -0.001338, -0.999999, -0, 0.999999, -0.001339 - -0, 2.058511, 0.1378","pose_inverse":"1, 0, -0, 0, -0.001338, 0.999999, 0, -0.999999, -0.001339 - 0, -0.135045, 2.058694","pose_rot":"1, 0, -0, 0, -0.001292, -0.999999, -0, 0.999999, -0.001292 - 0, 0, 0","rest_inverse":"1, -0.000001, 0, 0.000001, 0.94523, -0.326404, 0, 0.326404, 0.94523 - 0, -0.273383, 0.791687","rot_enabled":true,"rot_lock":[false,false,false],"rot_mult":"(1, 1, 1)","rot_postprocessing":false,"scale":"(1, 1, 1)","trans_enabled":false,"trans_lock":[false,false,false],"trans_mult":"(1, 1, 1)","trans_postprocessing":false},{"UID":4,"attach":"att_jaw","bid":4,"child_count":8,"children":[5,6,7,8,9,10,42,43],"correction":"1, 0, 0, 0, 1, 0, 0, 0, 1 - 0, 0, 0","front_y":false,"name":"jaw","origin":"(-0, 2.068678, 0.265774)","parent_pose_inverse":"1, 0, -0, 0, -0.001338, 0.999999, 0, -0.999999, -0.001339 - 0, -0.135045, 2.058694","pid":3,"pose":"1, -0, 0, -0, -0.662589, 0.748983, -0, -0.748984, -0.662589 - -0, 2.068678, 0.265774","pose_inverse":"1, -0, -0, -0, -0.662589, -0.748984, 0, 0.748983, -0.662589 - 0.000001, 1.569744, -1.373305","pose_rot":"1, -0, -0, -0, -0.66259, 0.748983, -0, -0.748983, -0.66259 - 0, 0, 0","rest_inverse":"1, -0, 0, -0, -0.748096, 0.663591, 0, -0.663591, -0.748095 - 0, 0.102587, 0.077179","rot_enabled":true,"rot_lock":[false,false,false],"rot_mult":"(1, 1, 1)","rot_postprocessing":false,"scale":"(1, 1, 1)","trans_enabled":false,"trans_lock":[false,false,false],"trans_mult":"(1, 1, 1)","trans_postprocessing":false},{"UID":5,"attach":"att_chin","bid":6,"child_count":0,"children":[],"correction":"1, 0, 0, 0, 1, 0, 0, 0, 1 - 0, 0, 0","front_y":false,"name":"chin","origin":"(-0, 1.465353, 0.799507)","parent_pose_inverse":"1, -0, -0, -0, -0.662589, -0.748984, 0, 0.748983, -0.662589 - 0.000001, 1.569744, -1.373305","pid":4,"pose":"1, 0, 0, 0, -0.874263, 0.48545, 0, -0.485451, -0.874264 - -0, 1.465353, 0.799507","pose_inverse":"1, 0, 0, 0, -0.874263, -0.485451, 0, 0.48545, -0.874264 - -0, 1.669226, -0.012376","pose_rot":"1, 0, -0, 0, -0.874264, 0.48545, -0, -0.48545, -0.874264 - 0, 0, 0","rest_inverse":"1, -0.000001, 0, 0.000001, 0.942872, -0.333154, 0, 0.333154, 0.942872 - 0, -0.268364, 0.759509","rot_enabled":true,"rot_lock":[false,false,false],"rot_mult":"(1, 1, 1)","rot_postprocessing":false,"scale":"(1, 1, 1)","trans_enabled":false,"trans_lock":[false,false,false],"trans_mult":"(1, 1, 1)","trans_postprocessing":false},{"UID":6,"attach":"att_lower_lip","bid":5,"child_count":0,"children":[],"correction":"1, 0, 0, 0, 1, 0, 0, 0, 1 - 0, 0, 0","front_y":false,"name":"lower_lip","origin":"(-0, 1.5963, 0.960868)","parent_pose_inverse":"1, -0, -0, -0, -0.662589, -0.748984, 0, 0.748983, -0.662589 - 0.000001, 1.569744, -1.373305","pid":4,"pose":"1, 0.000003, -0, 0.000003, -0.997785, -0.066521, -0, 0.06652, -0.997786 - -0, 1.5963, 0.960868","pose_inverse":"1, 0.000003, -0, 0.000003, -0.997785, 0.06652, -0, -0.066521, -0.997786 - -0.000005, 1.528847, 1.064928","pose_rot":"1, 0.000003, 0, 0.000003, -0.997785, -0.066521, -0, 0.066521, -0.997785 - 0, 0, 0","rest_inverse":"1, -0.000002, 0.000002, 0.000003, 0.611299, -0.7914, 0, 0.7914, 0.611299 - 0.000002, -0.517571, 0.662132","rot_enabled":false,"rot_lock":[false,false,false],"rot_mult":"(1, 1, 1)","rot_postprocessing":false,"scale":"(1, 1, 1.000001)","trans_enabled":true,"trans_lock":[false,false,false],"trans_mult":"(1, 1, 1)","trans_postprocessing":false},{"UID":7,"attach":"att_lower_lipL","bid":8,"child_count":0,"children":[],"correction":"1, 0, 0, 0, 1, 0, 0, 0, 1 - 0, 0, 0","front_y":false,"name":"lower_lipL","origin":"(0.091813, 1.621312, 0.902909)","parent_pose_inverse":"1, -0, -0, -0, -0.662589, -0.748984, 0, 0.748983, -0.662589 - 0.000001, 1.569744, -1.373305","pid":4,"pose":"0.981405, 0.014998, -0.191361, 0.00675, -0.999022, -0.043683, -0.19183, 0.041578, -0.980548 - 0.091813, 1.621312, 0.902909","pose_inverse":"0.981405, 0.00675, -0.19183, 0.014998, -0.999022, 0.041578, -0.191361, -0.043683, -0.980548 - 0.072155, 1.580808, 0.973738","pose_rot":"0.981405, 0.014998, -0.191361, 0.00675, -0.999023, -0.043683, -0.191829, 0.041579, -0.980547 - 0, 0, 0","rest_inverse":"0.981405, 0.139204, 0.13216, 0.014998, 0.6308, -0.7758, -0.191361, 0.763357, 0.616983 - 0.035135, -0.474797, 0.622769","rot_enabled":false,"rot_lock":[false,false,false],"rot_mult":"(1, 1, 1)","rot_postprocessing":false,"scale":"(1, 0.999999, 1.000001)","trans_enabled":true,"trans_lock":[false,false,false],"trans_mult":"(1, 1, 1)","trans_postprocessing":false},{"UID":8,"attach":"att_lower_lipR","bid":10,"child_count":0,"children":[],"correction":"1, 0, 0, 0, 1, 0, 0, 0, 1 - 0, 0, 0","front_y":false,"name":"lower_lipR","origin":"(-0.091813, 1.621312, 0.902909)","parent_pose_inverse":"1, -0, -0, -0, -0.662589, -0.748984, 0, 0.748983, -0.662589 - 0.000001, 1.569744, -1.373305","pid":4,"pose":"0.981405, 0.015005, 0.191362, 0.023788, -0.998762, -0.043683, 0.190469, 0.047421, -0.980547 - -0.091813, 1.621312, 0.902909","pose_inverse":"0.981405, 0.023788, 0.190469, 0.015005, -0.998762, 0.047421, 0.191362, -0.043683, -0.980547 - -0.120438, 1.577865, 0.973737","pose_rot":"0.981405, 0.015005, 0.191362, 0.023788, -0.998762, -0.043683, 0.190469, 0.047423, -0.980547 - 0, 0, 0","rest_inverse":"0.981405, -0.15842, -0.108386, 0.015005, 0.626251, -0.779477, 0.191362, 0.763356, 0.616982 - -0.020607, -0.475649, 0.622768","rot_enabled":false,"rot_lock":[false,false,false],"rot_mult":"(1, 1, 1)","rot_postprocessing":false,"scale":"(1, 1, 1)","trans_enabled":true,"trans_lock":[false,false,false],"trans_mult":"(1, 1, 1)","trans_postprocessing":false},{"UID":9,"attach":"att_commissureL","bid":7,"child_count":0,"children":[],"correction":"1, 0, 0, 0, 1, 0, 0, 0, 1 - 0, 0, 0","front_y":false,"name":"commissureL","origin":"(0.223918, 1.666322, 0.876259)","parent_pose_inverse":"1, -0, -0, -0, -0.662589, -0.748984, 0, 0.748983, -0.662589 - 0.000001, 1.569744, -1.373305","pid":4,"pose":"0.93902, 0.012549, -0.343635, -0.020399, -0.99554, -0.0921, -0.343259, 0.093494, -0.934577 - 0.223918, 1.666322, 0.876259","pose_inverse":"0.93902, -0.020399, -0.343259, 0.012549, -0.99554, 0.093494, -0.343635, -0.0921, -0.934577 - 0.124512, 1.574156, 1.049345","pose_rot":"0.939019, 0.012549, -0.343635, -0.020399, -0.995541, -0.0921, -0.343259, 0.093494, -0.934576 - 0, 0, 0","rest_inverse":"0.93902, 0.270611, 0.212161, 0.01255, 0.589609, -0.807591, -0.343635, 0.761006, 0.550259 - -0.008917, -0.460449, 0.610434","rot_enabled":false,"rot_lock":[false,false,false],"rot_mult":"(1, 1, 1)","rot_postprocessing":false,"scale":"(1.000001, 0.999999, 1)","trans_enabled":true,"trans_lock":[false,false,false],"trans_mult":"(1, 1, 1)","trans_postprocessing":false},{"UID":10,"attach":"att_commissureR","bid":9,"child_count":0,"children":[],"correction":"1, 0, 0, 0, 1, 0, 0, 0, 1 - 0, 0, 0","front_y":false,"name":"commissureR","origin":"(-0.223918, 1.666322, 0.876258)","parent_pose_inverse":"1, -0, -0, -0, -0.662589, -0.748984, 0, 0.748983, -0.662589 - 0.000001, 1.569744, -1.373305","pid":4,"pose":"0.939019, 0.01255, 0.343635, 0.046998, -0.99464, -0.0921, 0.340637, 0.102634, -0.934577 - -0.223918, 1.666322, 0.876258","pose_inverse":"0.939019, 0.046998, 0.340637, 0.01255, -0.99464, 0.102634, 0.343635, -0.0921, -0.934577 - -0.166536, 1.570267, 1.049345","pose_rot":"0.93902, 0.01255, 0.343634, 0.046998, -0.99464, -0.0921, 0.340637, 0.102634, -0.934576 - 0, 0, 0","rest_inverse":"0.939019, -0.286272, -0.190502, 0.012551, 0.582167, -0.812973, 0.343635, 0.761006, 0.550259 - 0.021219, -0.460047, 0.610433","rot_enabled":false,"rot_lock":[false,false,false],"rot_mult":"(1, 1, 1)","rot_postprocessing":false,"scale":"(1, 1, 1)","trans_enabled":true,"trans_lock":[false,false,false],"trans_mult":"(1, 1, 1)","trans_postprocessing":false},{"UID":11,"attach":"att_upper_lip","bid":15,"child_count":0,"children":[],"correction":"1, 0, 0, 0, 1, 0, 0, 0, 1 - 0, 0, 0","front_y":false,"name":"upper_lip","origin":"(-0, 1.751383, 0.99157)","parent_pose_inverse":"1, 0, -0, 0, -0.001338, 0.999999, 0, -0.999999, -0.001339 - 0, -0.135045, 2.058694","pid":3,"pose":"1, -0.000001, -0, -0.000001, -0.997371, -0.072465, 0, 0.072465, -0.997371 - -0, 1.751383, 0.99157","pose_inverse":"1, -0.000001, 0, -0.000001, -0.997371, 0.072465, -0, -0.072465, -0.997371 - 0.000002, 1.674925, 1.115877","pose_rot":"1, -0.000001, 0, -0.000001, -0.997371, -0.072465, 0, 0.072465, -0.997371 - 0, 0, 0","rest_inverse":"1, 0, 0.000001, -0.000001, 0.0738, 0.997273, 0, -0.997273, 0.0738 - -0.000001, -0.368189, 0.829269","rot_enabled":false,"rot_lock":[false,false,false],"rot_mult":"(1, 1, 1)","rot_postprocessing":false,"scale":"(1, 1, 1)","trans_enabled":true,"trans_lock":[false,false,false],"trans_mult":"(1, 1, 1)","trans_postprocessing":false},{"UID":12,"attach":"att_upper_lipL","bid":14,"child_count":0,"children":[],"correction":"1, 0, 0, 0, 1, 0, 0, 0, 1 - 0, 0, 0","front_y":false,"name":"upper_lipL","origin":"(0.127545, 1.751942, 0.978301)","parent_pose_inverse":"1, 0, -0, 0, -0.001338, 0.999999, 0, -0.999999, -0.001339 - 0, -0.135045, 2.058694","pid":3,"pose":"0.975725, 0.02297, -0.217791, 0.005435, -0.996718, -0.080772, -0.218931, 0.077628, -0.972647 - 0.127545, 1.751942, 0.978301","pose_inverse":"0.975725, 0.005435, -0.218931, 0.02297, -0.996718, 0.077628, -0.217791, -0.080772, -0.972647 - 0.08021, 1.667319, 1.120829","pose_rot":"0.975725, 0.02297, -0.217791, 0.005435, -0.996718, -0.080772, -0.218932, 0.077628, -0.972647 - 0, 0, 0","rest_inverse":"0.975725, -0.218938, -0.005142, 0.02297, 0.078962, 0.996613, -0.217791, -0.972538, 0.082074 - 0.061229, -0.373739, 0.820527","rot_enabled":false,"rot_lock":[false,false,false],"rot_mult":"(1, 1, 1)","rot_postprocessing":false,"scale":"(1, 1, 1)","trans_enabled":true,"trans_lock":[false,false,false],"trans_mult":"(1, 1, 1)","trans_postprocessing":false},{"UID":13,"attach":"att_upper_lipR","bid":31,"child_count":0,"children":[],"correction":"1, 0, 0, 0, 1, 0, 0, 0, 1 - 0, 0, 0","front_y":false,"name":"upper_lipR","origin":"(-0.127546, 1.751942, 0.978301)","parent_pose_inverse":"1, 0, -0, 0, -0.001338, 0.999999, 0, -0.999999, -0.001339 - 0, -0.135045, 2.058694","pid":3,"pose":"0.975725, 0.022956, 0.217791, 0.041459, -0.99587, -0.080772, 0.215037, 0.087841, -0.972647 - -0.127546, 1.751942, 0.978301","pose_inverse":"0.975725, 0.041459, 0.215037, 0.022956, -0.99587, 0.087841, 0.217791, -0.080772, -0.972647 - -0.158556, 1.6617, 1.120829","pose_rot":"0.975725, 0.022956, 0.217791, 0.041459, -0.99587, -0.080772, 0.215037, 0.087841, -0.972647 - 0, 0, 0","rest_inverse":"0.975725, 0.214982, -0.041747, 0.022956, 0.089174, 0.995752, 0.217791, -0.972538, 0.082074 - -0.043579, -0.376206, 0.820527","rot_enabled":false,"rot_lock":[false,false,false],"rot_mult":"(1, 1, 1)","rot_postprocessing":false,"scale":"(1, 1, 1)","trans_enabled":true,"trans_lock":[false,false,false],"trans_mult":"(1, 1, 1)","trans_postprocessing":false},{"UID":14,"attach":"att_muscle_lip01L","bid":25,"child_count":0,"children":[],"correction":"1, 0, 0, 0, 1, 0, 0, 0, 1 - 0, 0, 0","front_y":false,"name":"muscle_lip01L","origin":"(0.176593, 1.9523, 0.916788)","parent_pose_inverse":"1, 0, -0, 0, -0.001338, 0.999999, 0, -0.999999, -0.001339 - 0, -0.135045, 2.058694","pid":3,"pose":"0.974136, 0.022925, -0.224799, 0.004847, -0.996732, -0.080641, -0.225913, 0.077465, -0.971063 - 0.176593, 1.9523, 0.916788","pose_inverse":"0.974136, 0.004847, -0.225913, 0.022925, -0.996732, 0.077465, -0.224799, -0.080641, -0.971063 - 0.025626, 1.870852, 1.087392","pose_rot":"0.974135, 0.022925, -0.224799, 0.004847, -0.996731, -0.080641, -0.225913, 0.077465, -0.971063 - 0, 0, 0","rest_inverse":"0.974136, -0.225919, -0.004545, 0.022924, 0.078799, 0.996627, -0.224799, -0.970954, 0.08194 - 0.004473, -0.170256, 0.78758","rot_enabled":false,"rot_lock":[false,false,false],"rot_mult":"(1, 1, 1)","rot_postprocessing":false,"scale":"(1, 1, 1)","trans_enabled":true,"trans_lock":[false,false,false],"trans_mult":"(1, 1, 1)","trans_postprocessing":false},{"UID":15,"attach":"att_muscle_lip02L","bid":26,"child_count":0,"children":[],"correction":"1, 0, 0, 0, 1, 0, 0, 0, 1 - 0, 0, 0","front_y":false,"name":"muscle_lip02L","origin":"(0.262695, 1.817594, 0.895942)","parent_pose_inverse":"1, 0, -0, 0, -0.001338, 0.999999, 0, -0.999999, -0.001339 - 0, -0.135045, 2.058694","pid":3,"pose":"0.940245, 0.022126, -0.339779, -0.004667, -0.996955, -0.077835, -0.340467, 0.07477, -0.937279 - 0.262695, 1.817594, 0.895942","pose_inverse":"0.940245, -0.004667, -0.340467, 0.022126, -0.996955, 0.07477, -0.339779, -0.077835, -0.937279 - 0.066524, 1.739257, 1.070479","pose_rot":"0.940245, 0.022126, -0.339779, -0.004667, -0.996955, -0.077835, -0.340467, 0.07477, -0.937279 - 0, 0, 0","rest_inverse":"0.940245, -0.34046, 0.005123, 0.022126, 0.076104, 0.996854, -0.339779, -0.937174, 0.07909 - 0.01, -0.302682, 0.781097","rot_enabled":false,"rot_lock":[false,false,false],"rot_mult":"(1, 1, 1)","rot_postprocessing":false,"scale":"(1, 1, 1)","trans_enabled":true,"trans_lock":[false,false,false],"trans_mult":"(1, 1, 1)","trans_postprocessing":false},{"UID":16,"attach":"att_muscle_lip01R","bid":40,"child_count":0,"children":[],"correction":"1, 0, 0, 0, 1, 0, 0, 0, 1 - 0, 0, 0","front_y":false,"name":"muscle_lip01R","origin":"(-0.176593, 1.9523, 0.916789)","parent_pose_inverse":"1, 0, -0, 0, -0.001338, 0.999999, 0, -0.999999, -0.001339 - 0, -0.135045, 2.058694","pid":3,"pose":"0.974135, 0.022926, 0.224799, 0.042046, -0.995856, -0.080641, 0.222018, 0.088007, -0.971063 - -0.176593, 1.9523, 0.916789","pose_inverse":"0.974135, 0.042046, 0.222018, 0.022926, -0.995856, 0.088007, 0.224799, -0.080641, -0.971063 - -0.113606, 1.867574, 1.087392","pose_rot":"0.974135, 0.022926, 0.224799, 0.042046, -0.995856, -0.080641, 0.222018, 0.088007, -0.971063 - 0, 0, 0","rest_inverse":"0.974135, 0.221962, -0.042343, 0.022926, 0.08934, 0.995737, 0.224799, -0.970954, 0.08194 - 0.003541, -0.170278, 0.78758","rot_enabled":false,"rot_lock":[false,false,false],"rot_mult":"(1, 1, 1)","rot_postprocessing":false,"scale":"(1, 1, 1)","trans_enabled":true,"trans_lock":[false,false,false],"trans_mult":"(1, 1, 1)","trans_postprocessing":false},{"UID":17,"attach":"att_muscle_lip02R","bid":41,"child_count":0,"children":[],"correction":"1, 0, 0, 0, 1, 0, 0, 0, 1 - 0, 0, 0","front_y":false,"name":"muscle_lip02R","origin":"(-0.262695, 1.817594, 0.895942)","parent_pose_inverse":"1, 0, -0, 0, -0.001338, 0.999999, 0, -0.999999, -0.001339 - 0, -0.135045, 2.058694","pid":3,"pose":"0.940245, 0.022128, 0.339779, 0.051559, -0.995632, -0.077835, 0.336573, 0.090703, -0.937279 - -0.262695, 1.817594, 0.895942","pose_inverse":"0.940245, 0.051559, 0.336573, 0.022128, -0.995632, 0.090703, 0.339779, -0.077835, -0.937279 - -0.148266, 1.734204, 1.070479","pose_rot":"0.940245, 0.022128, 0.339779, 0.051559, -0.995632, -0.077835, 0.336572, 0.090703, -0.937279 - 0, 0, 0","rest_inverse":"0.940245, 0.336504, -0.05201, 0.022128, 0.092035, 0.99551, 0.339779, -0.937174, 0.07909 - 0.004249, -0.302817, 0.781097","rot_enabled":false,"rot_lock":[false,false,false],"rot_mult":"(1, 1, 1)","rot_postprocessing":false,"scale":"(1, 1, 1)","trans_enabled":true,"trans_lock":[false,false,false],"trans_mult":"(1, 1, 1)","trans_postprocessing":false},{"UID":18,"attach":"att_nose_tip","bid":16,"child_count":0,"children":[],"correction":"1, 0, 0, 0, 1, 0, 0, 0, 1 - 0, 0, 0","front_y":false,"name":"nose_tip","origin":"(-0, 1.986078, 1.078742)","parent_pose_inverse":"1, 0, -0, 0, -0.001338, 0.999999, 0, -0.999999, -0.001339 - 0, -0.135045, 2.058694","pid":3,"pose":"1, 0.000001, -0, 0.000001, -0.997141, -0.075564, -0, 0.075564, -0.997141 - -0, 1.986078, 1.078742","pose_inverse":"1, 0.000001, -0, 0.000001, -0.997141, 0.075564, -0, -0.075564, -0.997141 - -0.000003, 1.898887, 1.225734","pose_rot":"1, 0.000001, 0, 0.000001, -0.997141, -0.075564, -0, 0.075564, -0.997141 - 0, 0, 0","rest_inverse":"1, 0, -0.000001, 0.000001, 0.076898, 0.997039, 0, -0.997039, 0.076898 - 0, -0.143326, 0.932779","rot_enabled":false,"rot_lock":[false,false,false],"rot_mult":"(1, 1, 1)","rot_postprocessing":false,"scale":"(1, 1, 1)","trans_enabled":false,"trans_lock":[false,false,false],"trans_mult":"(1, 1, 1)","trans_postprocessing":false},{"UID":19,"attach":"att_nostrilL","bid":30,"child_count":0,"children":[],"correction":"1, 0, 0, 0, 1, 0, 0, 0, 1 - 0, 0, 0","front_y":false,"name":"nostrilL","origin":"(0.085244, 1.960003, 1.026037)","parent_pose_inverse":"1, 0, -0, 0, -0.001338, 0.999999, 0, -0.999999, -0.001339 - 0, -0.135045, 2.058694","pid":3,"pose":"0.765027, 0, -0.643998, -0, -1, -0.000001, -0.643998, 0, -0.765028 - 0.085244, 1.960003, 1.026037","pose_inverse":"0.765027, -0, -0.643998, 0, -1, 0, -0.643998, -0.000001, -0.765028 - 0.595552, 1.960002, 0.839845","pose_rot":"0.765027, 0, -0.643998, -0, -1, -0.000001, -0.643998, 0.000001, -0.765027 - 0, 0, 0","rest_inverse":"0.765027, -0.643997, 0.000862, 0, 0.001339, 0.999999, -0.643998, -0.765027, 0.001025 - 0.506809, -0.098508, 0.734422","rot_enabled":false,"rot_lock":[false,false,false],"rot_mult":"(1, 1, 1)","rot_postprocessing":false,"scale":"(1, 1, 1)","trans_enabled":true,"trans_lock":[false,false,false],"trans_mult":"(1, 1, 1)","trans_postprocessing":false},{"UID":20,"attach":"att_nostrilR","bid":44,"child_count":0,"children":[],"correction":"1, 0, 0, 0, 1, 0, 0, 0, 1 - 0, 0, 0","front_y":false,"name":"nostrilR","origin":"(-0.085244, 1.960003, 1.026037)","parent_pose_inverse":"1, 0, -0, 0, -0.001338, 0.999999, 0, -0.999999, -0.001339 - 0, -0.135045, 2.058694","pid":3,"pose":"0.765026, -0, 0.643999, 0, -1, -0.000001, 0.643999, 0.000001, -0.765027 - -0.085244, 1.960003, 1.026037","pose_inverse":"0.765026, 0, 0.643999, -0, -1, 0.000001, 0.643999, -0.000001, -0.765027 - -0.595553, 1.960002, 0.839844","pose_rot":"0.765027, -0, 0.643999, 0, -1, -0.000001, 0.643999, 0.000001, -0.765027 - 0, 0, 0","rest_inverse":"0.765026, 0.643998, -0.000862, -0, 0.001339, 0.999999, 0.643999, -0.765026, 0.001025 - -0.50681, -0.098508, 0.734422","rot_enabled":false,"rot_lock":[false,false,false],"rot_mult":"(1, 1, 1)","rot_postprocessing":false,"scale":"(1, 1, 1)","trans_enabled":true,"trans_lock":[false,false,false],"trans_mult":"(1, 1, 1)","trans_postprocessing":false},{"UID":21,"attach":"att_cheekL","bid":27,"child_count":0,"children":[],"correction":"1, 0, 0, 0, 1, 0, 0, 0, 1 - 0, 0, 0","front_y":false,"name":"cheekL","origin":"(0.41868, 1.761972, 0.682376)","parent_pose_inverse":"1, 0, -0, 0, -0.001338, 0.999999, 0, -0.999999, -0.001339 - 0, -0.135045, 2.058694","pid":3,"pose":"0.6227, -0.025444, -0.782047, -0.040827, -0.999166, 0, -0.781395, 0.031929, -0.623219 - 0.41868, 1.761972, 0.682376","pose_inverse":"0.6227, -0.040827, -0.781395, -0.025444, -0.999166, 0.031929, -0.782047, 0, -0.623219 - 0.34443, 1.749367, 0.752698","pose_rot":"0.6227, -0.025444, -0.782047, -0.040827, -0.999166, 0, -0.781395, 0.031929, -0.623219 - 0, 0, 0","rest_inverse":"0.6227, -0.781339, 0.041873, -0.025444, 0.033266, 0.999122, -0.782047, -0.623219, 0.000834 - 0.15271, -0.303026, 0.666818","rot_enabled":false,"rot_lock":[false,false,false],"rot_mult":"(1, 1, 1)","rot_postprocessing":false,"scale":"(1, 1, 1)","trans_enabled":true,"trans_lock":[false,false,false],"trans_mult":"(1, 1, 1)","trans_postprocessing":false},{"UID":22,"attach":"att_cheekR","bid":42,"child_count":0,"children":[],"correction":"1, 0, 0, 0, 1, 0, 0, 0, 1 - 0, 0, 0","front_y":false,"name":"cheekR","origin":"(-0.41868, 1.761972, 0.682377)","parent_pose_inverse":"1, 0, -0, 0, -0.001338, 0.999999, 0, -0.999999, -0.001339 - 0, -0.135045, 2.058694","pid":3,"pose":"0.6227, -0.025444, 0.782047, -0.040827, -0.999166, 0, 0.781395, -0.031929, -0.62322 - -0.41868, 1.761972, 0.682377","pose_inverse":"0.6227, -0.040827, 0.781395, -0.025444, -0.999166, -0.031929, 0.782047, 0, -0.62322 - -0.200558, 1.771637, 0.752698","pose_rot":"0.6227, -0.025444, 0.782047, -0.040827, -0.999166, 0, 0.781395, -0.031929, -0.62322 - 0, 0, 0","rest_inverse":"0.6227, 0.781449, 0.039781, -0.025444, -0.030591, 0.999208, 0.782047, -0.623219, 0.000834 - -0.176924, -0.289557, 0.666818","rot_enabled":false,"rot_lock":[false,false,false],"rot_mult":"(1, 1, 1)","rot_postprocessing":false,"scale":"(1, 1, 1)","trans_enabled":true,"trans_lock":[false,false,false],"trans_mult":"(1, 1, 1)","trans_postprocessing":false},{"UID":23,"attach":"att_eyeL","bid":20,"child_count":0,"children":[],"correction":"1, 0, 0, 0, 1, 0, 0, 0, 1 - 0, 0, 0","front_y":false,"name":"eyeL","origin":"(0.352686, 2.279156, 0.621686)","parent_pose_inverse":"1, 0, -0, 0, -0.001338, 0.999999, 0, -0.999999, -0.001339 - 0, -0.135045, 2.058694","pid":3,"pose":"0.999995, -0.000635, -0.003078, -0.000635, -1, -0.000001, -0.003078, 0.000003, -0.999995 - 0.352686, 2.279156, 0.621686","pose_inverse":"0.999995, -0.000635, -0.003078, -0.000635, -1, 0.000003, -0.003078, -0.000001, -0.999995 - -0.349324, 2.279378, 0.622771","pose_rot":"0.999995, -0.000635, -0.003078, -0.000635, -1, -0.000001, -0.003078, 0.000003, -0.999995 - 0, 0, 0","rest_inverse":"0.999995, -0.003077, 0.000639, -0.000635, 0.001341, 0.999999, -0.003078, -0.999994, 0.00134 - -0.351055, 0.220868, 0.484969","rot_enabled":true,"rot_lock":[false,false,false],"rot_mult":"(1, 1, 1)","rot_postprocessing":false,"scale":"(1, 1, 1)","trans_enabled":false,"trans_lock":[false,false,false],"trans_mult":"(1, 1, 1)","trans_postprocessing":false},{"UID":24,"attach":"att_lower_lidL","bid":21,"child_count":0,"children":[],"correction":"1, 0, 0, 0, 1, 0, 0, 0, 1 - 0, 0, 0","front_y":false,"name":"lower_lidL","origin":"(0.352686, 2.279156, 0.621686)","parent_pose_inverse":"1, 0, -0, 0, -0.001338, 0.999999, 0, -0.999999, -0.001339 - 0, -0.135045, 2.058694","pid":3,"pose":"0.999916, 0.012691, -0.002692, 0.012691, -0.913817, 0.405929, 0.002692, -0.405929, -0.913901 - 0.352686, 2.279156, 0.621686","pose_inverse":"0.999916, 0.012691, 0.002692, 0.012691, -0.913817, -0.405929, -0.002692, 0.405929, -0.913901 - -0.383256, 2.330615, -0.356066","pose_rot":"0.999916, 0.012691, -0.002692, 0.012691, -0.913817, 0.405929, 0.002692, -0.405929, -0.913901 - 0, 0, 0","rest_inverse":"0.999916, 0.002675, -0.012695, 0.012691, -0.404705, 0.914359, -0.002692, -0.914443, -0.404705 - -0.356759, 0.393576, 0.353606","rot_enabled":true,"rot_lock":[false,true,true],"rot_mult":"(1, 1, 1)","rot_postprocessing":true,"scale":"(1, 1, 1)","trans_enabled":true,"trans_lock":[false,false,false],"trans_mult":"(1, 1, 1)","trans_postprocessing":false},{"UID":25,"attach":"att_lid_internalL","bid":17,"child_count":0,"children":[],"correction":"1, 0, 0, 0, 1, 0, 0, 0, 1 - 0, 0, 0","front_y":false,"name":"lid_internalL","origin":"(0.152476, 2.255108, 0.733464)","parent_pose_inverse":"1, 0, -0, 0, -0.001338, 0.999999, 0, -0.999999, -0.001339 - 0, -0.135045, 2.058694","pid":3,"pose":"0.966486, 0.022739, -0.255712, 0.002283, -0.996792, -0.080007, -0.25671, 0.076742, -0.963437 - 0.152476, 2.255108, 0.733464","pose_inverse":"0.966486, 0.002283, -0.25671, 0.022739, -0.996792, 0.076742, -0.255712, -0.080007, -0.963437 - 0.035773, 2.188118, 0.926061","pose_rot":"0.966486, 0.022739, -0.255712, 0.002283, -0.996792, -0.080007, -0.256711, 0.076742, -0.963437 - 0, 0, 0","rest_inverse":"0.966486, -0.256713, -0.00194, 0.022738, 0.078076, 0.996688, -0.255712, -0.963329, 0.081297 - 0.005098, 0.146787, 0.628604","rot_enabled":false,"rot_lock":[false,false,false],"rot_mult":"(1, 1, 1)","rot_postprocessing":false,"scale":"(1, 1, 1)","trans_enabled":false,"trans_lock":[false,false,false],"trans_mult":"(1, 1, 1)","trans_postprocessing":false},{"UID":26,"attach":"att_lid_externalL","bid":18,"child_count":0,"children":[],"correction":"1, 0, 0, 0, 1, 0, 0, 0, 1 - 0, 0, 0","front_y":false,"name":"lid_externalL","origin":"(0.506428, 2.283841, 0.655124)","parent_pose_inverse":"1, 0, -0, 0, -0.001338, 0.999999, 0, -0.999999, -0.001339 - 0, -0.135045, 2.058694","pid":3,"pose":"0.831617, 0.025637, -0.554757, -0.022337, -0.996581, -0.079539, -0.5549, 0.078537, -0.828202 - 0.506428, 2.283841, 0.655124","pose_inverse":"0.831617, -0.022337, -0.5549, 0.025637, -0.996581, 0.078537, -0.554757, -0.079539, -0.828202 - -0.006613, 2.211597, 1.005175","pose_rot":"0.831617, 0.025637, -0.554757, -0.022337, -0.996582, -0.079539, -0.5549, 0.078538, -0.828202 - 0, 0, 0","rest_inverse":"0.831617, -0.554869, 0.023079, 0.025637, 0.079871, 0.996475, -0.554757, -0.828095, 0.080648 - -0.129058, 0.170947, 0.727316","rot_enabled":false,"rot_lock":[false,false,false],"rot_mult":"(1, 1, 1)","rot_postprocessing":false,"scale":"(1, 1, 1)","trans_enabled":false,"trans_lock":[false,false,false],"trans_mult":"(1, 1, 1)","trans_postprocessing":false},{"UID":27,"attach":"att_upper_lidL","bid":19,"child_count":0,"children":[],"correction":"1, 0, 0, 0, 1, 0, 0, 0, 1 - 0, 0, 0","front_y":false,"name":"upper_lidL","origin":"(0.352686, 2.279156, 0.621686)","parent_pose_inverse":"1, 0, -0, 0, -0.001338, 0.999999, 0, -0.999999, -0.001339 - 0, -0.135045, 2.058694","pid":3,"pose":"0.999912, -0.012985, -0.002795, -0.012985, -0.911344, -0.411443, 0.002795, 0.411443, -0.911432 - 0.352686, 2.279156, 0.621686","pose_inverse":"0.999912, -0.012985, 0.002795, -0.012985, -0.911344, 0.411443, -0.002795, -0.411443, -0.911432 - -0.324797, 1.825886, 1.505352","pose_rot":"0.999912, -0.012985, -0.002795, -0.012985, -0.911343, -0.411443, 0.002795, 0.411443, -0.911432 - 0, 0, 0","rest_inverse":"0.999912, 0.002813, 0.012981, -0.012985, 0.412662, 0.910792, -0.002795, -0.91088, 0.412662 - -0.351143, 0.006572, 0.532797","rot_enabled":true,"rot_lock":[false,true,true],"rot_mult":"(1, 1, 1)","rot_postprocessing":true,"scale":"(1, 1, 1)","trans_enabled":false,"trans_lock":[false,false,false],"trans_mult":"(1, 1, 1)","trans_postprocessing":false},{"UID":28,"attach":"att_eyeR","bid":35,"child_count":0,"children":[],"correction":"1, 0, 0, 0, 1, 0, 0, 0, 1 - 0, 0, 0","front_y":false,"name":"eyeR","origin":"(-0.352687, 2.279156, 0.621686)","parent_pose_inverse":"1, 0, -0, 0, -0.001338, 0.999999, 0, -0.999999, -0.001339 - 0, -0.135045, 2.058694","pid":3,"pose":"0.999995, 0.000635, 0.003078, 0.000635, -1, -0.000001, 0.003078, 0.000003, -0.999995 - -0.352687, 2.279156, 0.621686","pose_inverse":"0.999995, 0.000635, 0.003078, 0.000635, -1, 0.000003, 0.003078, -0.000001, -0.999995 - 0.349324, 2.279378, 0.622771","pose_rot":"0.999995, 0.000635, 0.003078, 0.000635, -1, -0.000001, 0.003078, 0.000003, -0.999995 - 0, 0, 0","rest_inverse":"0.999995, 0.003077, -0.000639, 0.000635, 0.001341, 0.999999, 0.003078, -0.999994, 0.00134 - 0.351056, 0.220868, 0.484969","rot_enabled":true,"rot_lock":[false,false,false],"rot_mult":"(1, 1, 1)","rot_postprocessing":false,"scale":"(1, 1, 1)","trans_enabled":false,"trans_lock":[false,false,false],"trans_mult":"(1, 1, 1)","trans_postprocessing":false},{"UID":29,"attach":"att_lower_lidR","bid":36,"child_count":0,"children":[],"correction":"1, 0, 0, 0, 1, 0, 0, 0, 1 - 0, 0, 0","front_y":false,"name":"lower_lidR","origin":"(-0.352687, 2.279156, 0.621686)","parent_pose_inverse":"1, 0, -0, 0, -0.001338, 0.999999, 0, -0.999999, -0.001339 - 0, -0.135045, 2.058694","pid":3,"pose":"0.999916, -0.012691, 0.002692, -0.012691, -0.913817, 0.405929, -0.002692, -0.40593, -0.913901 - -0.352687, 2.279156, 0.621686","pose_inverse":"0.999916, -0.012691, -0.002692, -0.012691, -0.913817, -0.40593, 0.002692, 0.405929, -0.913901 - 0.383255, 2.330616, -0.356066","pose_rot":"0.999916, -0.012691, 0.002692, -0.012691, -0.913817, 0.405929, -0.002692, -0.405929, -0.913901 - 0, 0, 0","rest_inverse":"0.999916, -0.002675, 0.012695, -0.012691, -0.404706, 0.914359, 0.002692, -0.914443, -0.404705 - 0.35676, 0.393577, 0.353607","rot_enabled":true,"rot_lock":[false,true,true],"rot_mult":"(1, 1, 1)","rot_postprocessing":true,"scale":"(1, 1, 1)","trans_enabled":false,"trans_lock":[false,false,false],"trans_mult":"(1, 1, 1)","trans_postprocessing":false},{"UID":30,"attach":"att_lid_internalR","bid":32,"child_count":0,"children":[],"correction":"1, 0, 0, 0, 1, 0, 0, 0, 1 - 0, 0, 0","front_y":false,"name":"lid_internalR","origin":"(-0.152477, 2.255108, 0.733464)","parent_pose_inverse":"1, 0, -0, 0, -0.001338, 0.999999, 0, -0.999999, -0.001339 - 0, -0.135045, 2.058694","pid":3,"pose":"0.966485, 0.022742, 0.255712, 0.0446, -0.995796, -0.080007, 0.252818, 0.088731, -0.963437 - -0.152477, 2.255108, 0.733464","pose_inverse":"0.966485, 0.0446, 0.252818, 0.022742, -0.995796, 0.088731, 0.255712, -0.080007, -0.963437 - -0.138644, 2.184013, 0.926062","pose_rot":"0.966486, 0.022742, 0.255712, 0.0446, -0.995796, -0.080007, 0.252817, 0.088731, -0.963437 - 0, 0, 0","rest_inverse":"0.966485, 0.252758, -0.044938, 0.022742, 0.090063, 0.995676, 0.255712, -0.963329, 0.081297 - -0.011996, 0.146384, 0.628604","rot_enabled":false,"rot_lock":[false,false,false],"rot_mult":"(1, 1, 1)","rot_postprocessing":false,"scale":"(1, 1, 1)","trans_enabled":false,"trans_lock":[false,false,false],"trans_mult":"(1, 1, 1)","trans_postprocessing":false},{"UID":31,"attach":"att_lid_externalR","bid":33,"child_count":0,"children":[],"correction":"1, 0, 0, 0, 1, 0, 0, 0, 1 - 0, 0, 0","front_y":false,"name":"lid_externalR","origin":"(-0.506428, 2.283841, 0.655124)","parent_pose_inverse":"1, 0, -0, 0, -0.001338, 0.999999, 0, -0.999999, -0.001339 - 0, -0.135045, 2.058694","pid":3,"pose":"0.831617, 0.025639, 0.554758, 0.083683, -0.993313, -0.079539, 0.549008, 0.11257, -0.828201 - -0.506428, 2.283841, 0.655124","pose_inverse":"0.831617, 0.083683, 0.549008, 0.025639, -0.993313, 0.11257, 0.554758, -0.079539, -0.828201 - -0.129634, 2.207805, 1.005174","pose_rot":"0.831617, 0.025639, 0.554758, 0.083684, -0.993313, -0.079539, 0.549009, 0.11257, -0.828201 - 0, 0, 0","rest_inverse":"0.831617, 0.548896, -0.084418, 0.025639, 0.113899, 0.993161, 0.554758, -0.828094, 0.080648 - 0.118282, 0.178572, 0.727316","rot_enabled":false,"rot_lock":[false,false,false],"rot_mult":"(1, 1, 1)","rot_postprocessing":false,"scale":"(1, 1, 1)","trans_enabled":false,"trans_lock":[false,false,false],"trans_mult":"(1, 1, 1)","trans_postprocessing":false},{"UID":32,"attach":"att_upper_lidR","bid":34,"child_count":0,"children":[],"correction":"1, 0, 0, 0, 1, 0, 0, 0, 1 - 0, 0, 0","front_y":false,"name":"upper_lidR","origin":"(-0.352687, 2.279156, 0.621686)","parent_pose_inverse":"1, 0, -0, 0, -0.001338, 0.999999, 0, -0.999999, -0.001339 - 0, -0.135045, 2.058694","pid":3,"pose":"0.999912, 0.012986, 0.002795, 0.012986, -0.911344, -0.411443, -0.002796, 0.411443, -0.911432 - -0.352687, 2.279156, 0.621686","pose_inverse":"0.999912, 0.012986, -0.002796, 0.012986, -0.911344, 0.411443, 0.002795, -0.411443, -0.911432 - 0.324797, 1.825887, 1.505352","pose_rot":"0.999912, 0.012986, 0.002795, 0.012986, -0.911343, -0.411443, -0.002796, 0.411443, -0.911432 - 0, 0, 0","rest_inverse":"0.999912, -0.002813, -0.012982, 0.012986, 0.412662, 0.910792, 0.002795, -0.91088, 0.412662 - 0.351143, 0.006573, 0.532798","rot_enabled":true,"rot_lock":[false,true,true],"rot_mult":"(1, 1, 1)","rot_postprocessing":true,"scale":"(1, 1, 1)","trans_enabled":false,"trans_lock":[false,false,false],"trans_mult":"(1, 1, 1)","trans_postprocessing":false},{"UID":33,"attach":"att_forehead","bid":28,"child_count":0,"children":[],"correction":"1, 0, 0, 0, 1, 0, 0, 0, 1 - 0, 0, 0","front_y":false,"name":"forehead","origin":"(-0, 2.656007, 0.931372)","parent_pose_inverse":"1, 0, -0, 0, -0.001338, 0.999999, 0, -0.999999, -0.001339 - 0, -0.135045, 2.058694","pid":3,"pose":"1, 0.000002, -0, 0.000002, -1, -0, -0, 0, -1 - -0, 2.656007, 0.931372","pose_inverse":"1, 0.000002, -0, 0.000002, -1, 0, -0, -0, -1 - -0.000005, 2.656007, 0.931373","pose_rot":"1, 0.000002, 0, 0.000002, -1, -0, 0, 0, -1 - 0, 0, 0","rest_inverse":"1, 0, -0.000002, 0.000002, 0.001339, 0.999999, 0, -0.999999, 0.001339 - -0.000001, 0.597496, 0.793572","rot_enabled":false,"rot_lock":[false,false,false],"rot_mult":"(1, 1, 1)","rot_postprocessing":false,"scale":"(1, 1, 1)","trans_enabled":true,"trans_lock":[false,false,false],"trans_mult":"(1, 1, 1)","trans_postprocessing":false},{"UID":34,"attach":"att_eyebrow01L","bid":22,"child_count":0,"children":[],"correction":"1, 0, 0, 0, 1, 0, 0, 0, 1 - 0, 0, 0","front_y":false,"name":"eyebrow01L","origin":"(0.155383, 2.434212, 0.872321)","parent_pose_inverse":"1, 0, -0, 0, -0.001338, 0.999999, 0, -0.999999, -0.001339 - 0, -0.135045, 2.058694","pid":3,"pose":"0.985124, 0.023185, -0.170277, 0.00936, -0.996625, -0.08155, -0.171593, 0.078743, -0.982016 - 0.155383, 2.434212, 0.872321","pose_inverse":"0.985124, 0.00936, -0.171593, 0.023185, -0.996625, 0.078743, -0.170277, -0.08155, -0.982016 - -0.026172, 2.353706, 1.081602","pose_rot":"0.985123, 0.023185, -0.170277, 0.00936, -0.996625, -0.08155, -0.171593, 0.078743, -0.982016 - 0, 0, 0","rest_inverse":"0.985124, -0.171605, -0.00913, 0.023185, 0.080077, 0.996519, -0.170277, -0.981906, 0.082865 - -0.03055, 0.312992, 0.778409","rot_enabled":false,"rot_lock":[false,false,false],"rot_mult":"(1, 1, 1)","rot_postprocessing":false,"scale":"(1, 1, 1)","trans_enabled":true,"trans_lock":[false,false,false],"trans_mult":"(1, 1, 1)","trans_postprocessing":false},{"UID":35,"attach":"att_eyebrow02L","bid":24,"child_count":0,"children":[],"correction":"1, 0, 0, 0, 1, 0, 0, 0, 1 - 0, 0, 0","front_y":false,"name":"eyebrow02L","origin":"(0.327963, 2.507801, 0.836287)","parent_pose_inverse":"1, 0, -0, 0, -0.001338,